01100100000000000000000000000000
01101000000000000000000000000001
00000100101000000000000000000000
00001001000100000000000000000000
11100000000000000000000000000010
00000100101000000000000000000000
00001001000100000000000000000000
11100000000000000000000000000010
00000100101000000000000000000000
00001001000100000000000000000000
11100000000000000000000000000010
00000100101000000000000000000000
00001001000100000000000000000000
11100000000000000000000000000010
00000100101000000000000000000000
00001001000100000000000000000000
11100000000000000000000000000010
00000100101000000000000000000000
00001001000100000000000000000000
11100000000000000000000000000010
00000100101000000000000000000000
00001001000100000000000000000000
11100000000000000000000000000010
00000100101000000000000000000000
00001001000100000000000000000000
11100000000000000000000000000010
00000100101000000000000000000000
00001001000100000000000000000000
11100000000000000000000000000010
00000100101000000000000000000000
00001001000100000000000000000000
11100000000000000000000000000010
00000100101000000000000000000000
00001001000100000000000000000000
11100000000000000000000000000010
00000100101000000000000000000000
00001001000100000000000000000000
11100000000000000000000000000010
00000100101000000000000000000000
00001001000100000000000000000000
