0
0
0
0
0
0
0
0
1
2
4
5
7
8
10
12
12
12
13
18
30
55
89
123
149
164
170
171
171
172
174
176
179
182
185
188
191
194
195
196
196
195
194
193
192
190
189
187
187
187
186
181
169
144
111
77
50
35
29
28
28
28
26
23
21
18
14
11
8
6
4
3
2
1
1
1
1
1
0
0
0
0
0
0
0
0
0
0
0
0
0
0
0
1
1
1
2
2
2
2
3
3
3
3
3
3
3
3
3
4
4
4
5
6
7
9
12
18
27
41
60
85
113
143
170
193
208
213
213
222
272
396
632
990
1447
1951
2408
2733
2895
2929
2931
3003
3198
3504
3848
4166
4418
4591
4697
4754
4779
4783
4772
4750
4722
4692
4665
4644
4633
4635
4644
4643
4601
4483
4251
3896
3441
2938
2481
2156
1995
1961
1959
1887
1692
1386
1043
727
475
300
192
129
95
77
69
66
66
66
65
63
59
52
43
34
26
20
16
13
11
10
9
9
9
9
9
10
10
10
8
7
6
6
5
5
5
5
6
6
6
7
7
7
7
7
7
7
7
7
7
7
7
7
7
7
7
6
6
6
5
5
4
4
3
3
2
2
2
